survey.03.2015 <-
structure(c(-17.283333330000001, -16.199999999999999, -17.68333333, 
-17.633333329999999, -17.649999999999999, -17.483333330000001, 
-17.466666669999999, -17.300000000000001, -17.300000000000001, 
-17.283333330000001, -16.18333333, -17.283333330000001, -17.149999999999999, 
-17.216666669999999, -17.199999999999999, -17.083333329999999, 
-16.966666669999999, -16.149999999999999, -16.199999999999999, 
-17.366666670000001, -16.283333330000001, -16.283333330000001, 
-16.31666667, -17.333333329999999, -16.600000000000001, -16.649999999999999, 
-16.733333330000001, -16.699999999999999, -16.699999999999999, 
-16.699999999999999, -16.600000000000001, -16.666666670000001, 
-16.466666669999999, -16.699999999999999, -16.533333330000001, 
-16.600000000000001, -16.56666667, -16.633333329999999, -16.733333330000001, 
-16.5, -16.416666670000001, -16.483333330000001, -16.43333333, 
-16.416666670000001, -16.416666670000001, -16.449999999999999, 
-16.383333329999999, -16.300000000000001, -16.283333330000001, 
-16.266666669999999, -16.383333329999999, -16.333333329999999, 
-16.333333329999999, -16.366666670000001, -16.399999999999999, 
-16.416666670000001, -16.766666669999999, -16.533333330000001, 
-16.616666670000001, -16.633333329999999, -16.633333329999999, 
-16.616666670000001, -16.699999999999999, -16.81666667, -16.850000000000001, 
-16.416666670000001, -16.983333330000001, -16.966666669999999, 
-16.983333330000001, -16.916666670000001, -17.050000000000001, 
-17.133333329999999, -17.266666669999999, -17.399999999999999, 
-16.283333330000001, -17.416666670000001, -17.283333330000001, 
-17.18333333, -17.616666670000001, -17.56666667, -17.483333330000001, 
-17.483333330000001, -17.550000000000001, -17.550000000000001, 
-17.416666670000001, -17.050000000000001, -17.233333330000001, 
-17.133333329999999, -17.149999999999999, -17, -17.116666670000001, 
-17.149999999999999, -16.100000000000001, -16.133333329999999, 
-16.06666667, -16.116666670000001, -16.18333333, -16.166666670000001, 
-16.233333330000001, -16.333333329999999, -16.383333329999999, 
-16.466666669999999, -16.43333333, -16.466666669999999, -16.483333330000001, 
-16.583333329999999, -16.766666669999999, -16.699999999999999, 
-16.25, -16.18333333, -16.116666670000001, -16.550000000000001, 
-16.766666669999999, -16.75, -16.550000000000001, -16.666666670000001, 
-16.633333329999999, -16.800000000000001, -16.833333329999999, 
20.42166667, 17.963055560000001, 20.55194444, 20.559722220000001, 
20.495277779999999, 20.478333330000002, 20.544722220000001, 20.550000000000001, 
20.48722222, 20.30722222, 17.964166670000001, 20.21388889, 20.24027778, 
20.219722220000001, 20.284722219999999, 20.41444444, 20.537500000000001, 
17.983333330000001, 17.738055559999999, 20.190277779999999, 17.3825, 
17.329722220000001, 17.268055560000001, 19.965555559999999, 16.143055560000001, 
16.209444439999999, 16.314166669999999, 16.408611109999999, 16.527777780000001, 
16.627777779999999, 16.74027778, 16.866944440000001, 18.455833330000001, 
16.944444440000002, 16.918055559999999, 16.959444439999999, 17.036666669999999, 
17.108888889999999, 17.195555559999999, 17.39722222, 17.37805556, 
18.373611109999999, 17.454166669999999, 17.55611111, 17.681944439999999, 
17.756944440000002, 17.819444440000002, 17.871111110000001, 18.43527778, 
18.515277780000002, 18.606944439999999, 18.728055560000001, 18.826111109999999, 
18.883333329999999, 18.972222219999999, 19.013611109999999, 18.98944444, 
18.61527778, 18.766666669999999, 18.899999999999999, 18.988888889999998, 
19.18527778, 19.225000000000001, 19.29027778, 19.419444439999999, 
17.975000000000001, 19.478333330000002, 19.563888890000001, 19.606944439999999, 
19.563888890000001, 19.74583333, 19.78611111, 19.929166670000001, 
19.955555560000001, 17.927222220000001, 20.051388889999998, 20.054722219999999, 
20.087499999999999, 20.143055560000001, 20.181666669999998, 20.225000000000001, 
20.329166669999999, 20.394722219999998, 20.472222219999999, 20.48611111, 
20.436111109999999, 20.40888889, 20.311944440000001, 20.38666667, 
20.478055560000001, 20.547499999999999, 20.498611109999999, 17.87166667, 
17.786388890000001, 17.71805556, 17.58472222, 17.54027778, 17.41416667, 
17.235277780000001, 17.053055560000001, 16.99027778, 16.79861111, 
16.69916667, 16.56694444, 16.446666669999999, 16.398611110000001, 
17.252500000000001, 17.361666670000002, 18.034722219999999, 18.15888889, 
18.301388889999998, 18.169722220000001, 18.892222220000001, 18.759166669999999, 
18.09222222, 18.573611110000002, 19.277777780000001, 19.52638889, 
19.586388889999998, 3, 4, 20, 8, 8, 9, 5, 7, 1, 9, 1, 2, 4, 10, 
12, 1, 3, 1, 3, 1, 4, 3, 4, 4, 1, 8, 6, 5, 14, 13, 4, 29, 12, 
17, 5, 9, 8, 18, 1, 12, 16, 28, 13, 30, 44, 23, 34, 17, 3, 4, 
7, 2, 3, 7, 9, 4, 2, 9, 19, 26, 8, 7, 16, 17, 10, 33, 9, 22, 
25, 22, 12, 7, 11, 10, 20, 1, 1, 11, 37, 5, 1, 3, 6, 8, 35, 0, 
0, 0, 0, 0, 0, 0, 0, 0, 0, 0, 0, 0, 0, 0, 0, 0, 0, 0, 0, 0, 0, 
0, 0, 0, 0, 0, 0, 0, 0, 0, 0, 0, 0), .Dim = c(119L, 3L))
